NAME : single
TYPE : ATSP
DIMENSION : 51
EDGE_WEIGHT_TYPE : EXPLICIT
EDGE_WEIGHT_FORMAT : FULL_MATRIX
EDGE_WEIGHT_SECTION
0 271 396 347 336 132 384 319 405 327 391 431 462 343 292 461 268 108 285 365 268 329 422 379 284 278 487 257 434 453 219 316 375 347 251 283 276 378 481 453 372 331 441 449 422 265 447 480 424 436 343 
0 0 589 560 462 225 507 423 588 509 215 256 302 479 397 256 327 248 315 183 433 411 220 187 105 142 640 58 481 583 213 177 224 551 229 180 250 509 609 607 542 505 507 265 242 203 314 247 281 233 184 
0 589 0 129 246 327 283 266 173 133 806 878 839 259 265 907 221 300 342 826 165 331 887 826 733 483 167 590 299 279 414 667 772 241 450 561 537 149 218 108 89 130 280 741 728 509 863 941 774 928 727 
0 560 129 0 183 269 243 209 296 263 722 821 771 211 198 825 180 287 273 722 290 267 800 743 605 455 297 518 275 203 344 571 705 229 390 497 473 151 268 237 126 69 203 674 786 446 764 840 710 841 683 
0 462 246 183 0 232 278 244 267 227 579 761 778 246 168 698 203 313 279 701 254 261 736 653 606 494 281 517 206 226 229 456 727 264 289 405 379 116 233 205 230 239 207 592 742 347 783 738 744 783 662 
0 225 327 269 232 0 273 208 322 264 395 476 508 231 186 448 285 148 181 405 233 226 442 399 326 274 385 266 308 316 142 313 441 282 187 271 240 269 327 347 299 274 320 421 529 190 584 460 518 456 395 
0 507 283 243 278 273 0 66 266 270 567 847 842 65 110 701 250 365 131 741 306 82 785 663 667 539 316 560 187 73 250 467 777 252 310 427 400 204 104 228 275 287 224 614 671 367 840 757 788 782 745 
0 423 266 209 244 208 66 0 253 241 583 771 781 45 76 659 284 305 92 699 266 66 723 645 584 485 311 515 164 116 202 408 713 231 255 376 348 238 141 229 264 258 201 566 617 315 778 728 709 762 683 
0 588 173 296 267 322 266 253 0 79 753 820 816 213 248 895 231 294 324 784 143 314 830 774 673 487 66 575 318 231 397 629 748 67 445 550 526 152 195 108 177 295 234 724 842 500 794 899 753 872 698 
0 509 133 263 227 264 270 241 79 0 716 708 691 211 227 778 185 220 294 667 66 298 769 689 581 407 128 491 324 256 346 574 689 107 393 488 467 174 226 171 136 264 254 736 733 444 687 765 659 744 595 
0 215 806 722 579 395 567 583 753 716 0 257 334 623 518 156 508 498 409 197 630 472 158 86 204 331 844 230 605 674 306 96 250 755 327 224 248 710 818 829 735 704 661 180 260 273 365 117 384 163 254 
0 256 878 821 761 476 847 771 820 708 257 0 119 747 666 236 571 457 606 77 644 658 145 172 151 250 871 212 736 852 458 315 145 778 475 381 401 810 900 914 731 684 859 306 167 431 137 163 191 99 92 
0 302 839 771 778 508 842 781 816 691 334 119 0 780 700 311 663 518 651 153 613 710 192 253 202 283 819 257 862 883 546 386 265 795 530 453 470 815 908 921 723 686 876 401 251 496 42 237 207 184 158 
0 479 259 211 246 231 65 45 213 211 623 747 780 0 78 718 282 308 134 698 245 106 749 652 610 500 269 511 172 86 241 473 736 196 295 415 388 236 119 186 262 228 183 604 645 355 790 742 750 776 670 
0 397 265 198 168 186 110 76 248 227 518 666 700 78 0 640 239 281 110 649 246 92 704 611 553 460 307 466 189 140 181 385 676 221 241 356 330 284 198 238 259 245 219 544 589 298 758 695 710 724 627 
0 256 907 825 698 448 701 659 895 778 156 236 311 718 640 0 559 501 495 192 674 541 298 160 221 355 887 262 661 736 362 156 241 790 388 285 306 746 830 883 802 750 714 211 267 334 368 229 389 147 253 
0 327 221 180 203 285 250 284 231 185 508 571 663 282 239 559 0 181 249 504 183 267 548 509 423 343 296 363 277 297 237 427 536 264 244 383 352 186 272 248 214 188 257 581 597 302 686 567 586 560 605 
0 248 300 287 313 148 365 305 294 220 498 457 518 308 281 501 181 0 302 401 160 341 455 434 321 234 345 263 380 388 273 424 422 253 317 376 361 312 382 356 258 288 372 540 496 351 515 489 433 468 367 
0 315 342 273 279 181 131 92 324 294 409 606 651 134 110 495 249 302 0 582 302 56 637 535 501 419 382 371 220 200 130 320 608 293 251 296 270 219 222 317 316 313 279 482 547 239 694 635 587 622 560 
0 183 826 722 701 405 741 699 784 667 197 77 153 698 649 192 504 401 582 0 552 601 152 113 81 207 792 145 663 792 381 243 139 703 398 306 325 699 831 793 710 628 687 255 149 355 184 132 204 77 69 
0 433 165 290 254 233 306 266 143 66 630 644 613 245 246 674 183 160 302 552 0 318 681 656 526 321 206 441 346 304 332 541 655 103 371 455 436 220 279 230 164 291 283 679 577 417 618 732 574 705 591 
0 411 331 267 261 226 82 66 314 298 472 658 710 106 92 541 267 341 56 601 318 0 659 572 548 487 370 487 197 154 174 370 687 290 236 349 322 222 183 292 313 317 259 535 603 289 759 657 706 658 634 
0 220 887 800 736 442 785 723 830 769 158 145 192 749 704 298 548 455 637 152 681 659 0 141 171 272 878 194 690 837 398 226 291 774 413 307 330 739 878 844 768 724 725 247 155 362 230 76 255 154 184 
0 187 826 743 653 399 663 645 774 689 86 172 253 652 611 160 509 434 535 113 656 572 141 0 137 276 821 181 634 725 337 153 164 732 355 250 272 696 819 821 712 670 677 186 191 303 286 69 304 84 175 
0 105 733 605 606 326 667 584 673 581 204 151 202 610 553 221 423 321 501 81 526 548 171 137 0 141 697 65 586 677 314 215 119 655 330 254 269 629 723 759 654 571 608 257 174 294 220 182 208 147 84 
0 142 483 455 494 274 539 485 487 407 331 250 283 500 460 355 343 234 419 207 321 487 272 276 141 0 556 112 600 641 320 314 219 494 338 313 316 560 652 638 506 420 533 375 272 328 275 318 259 281 160 
0 640 167 297 281 385 316 311 66 128 844 871 819 269 307 887 296 345 382 792 206 370 878 821 697 556 0 638 377 274 456 693 814 103 508 610 587 208 232 142 171 298 288 898 877 563 829 963 827 908 760 
0 58 590 518 517 266 560 515 575 491 230 212 257 511 466 262 363 263 371 145 441 487 194 181 65 112 638 0 530 637 270 214 176 587 279 219 236 560 655 688 584 505 550 265 200 250 269 237 223 208 138 
0 481 299 275 206 308 187 164 318 324 605 736 862 172 189 661 277 380 220 663 346 197 690 634 586 600 377 530 0 187 299 511 704 309 301 435 405 277 232 251 330 329 118 635 801 367 909 692 797 702 658 
0 583 279 203 226 316 73 116 231 256 674 852 883 86 140 736 297 388 200 792 304 154 837 725 677 641 274 637 187 0 316 543 849 230 370 492 464 257 140 172 282 270 193 681 729 430 889 888 842 873 812 
0 213 414 344 229 142 250 202 397 346 306 458 546 241 181 362 237 273 130 381 332 174 398 337 314 320 456 270 299 316 0 214 431 358 121 180 155 315 334 409 377 364 358 364 433 129 537 393 490 409 391 
0 177 667 571 456 313 467 408 629 574 96 315 386 473 385 156 427 424 320 243 541 370 226 153 215 314 693 214 511 543 214 0 298 657 235 148 196 522 641 719 667 611 571 197 297 184 411 203 408 236 287 
0 224 772 705 727 441 777 713 748 689 250 145 265 736 676 241 536 422 608 139 655 687 291 164 119 219 814 176 704 849 431 298 0 738 441 348 368 759 847 864 733 663 724 282 137 398 278 218 235 136 106 
0 551 241 229 264 282 252 231 67 107 755 778 795 196 221 790 264 253 293 703 103 290 774 732 655 494 103 587 309 230 358 657 738 0 406 507 485 218 197 136 244 228 236 767 759 460 737 819 688 777 648 
0 229 450 390 289 187 310 255 445 393 327 475 530 295 241 388 244 317 251 398 371 236 413 355 330 338 508 279 301 370 121 235 441 406 0 134 212 357 396 450 426 407 424 333 462 67 543 419 501 428 412 
0 180 561 497 405 271 427 376 550 488 224 381 453 415 356 285 383 376 296 306 455 349 307 250 254 313 610 219 435 492 180 148 348 507 134 0 183 480 512 570 525 502 561 199 345 68 475 316 468 325 338 
0 250 537 473 379 240 400 348 526 467 248 401 470 388 330 306 352 361 270 325 436 322 330 272 269 316 587 236 405 464 155 196 368 485 212 183 0 452 485 544 502 481 529 229 362 182 489 338 494 347 353 
0 509 149 151 116 269 204 238 152 174 710 810 815 236 284 746 186 312 219 699 220 222 739 696 629 560 208 560 277 257 315 522 759 218 357 480 452 0 117 100 170 183 297 671 696 420 869 823 792 820 784 
0 609 218 268 233 327 104 141 195 226 818 900 908 119 198 830 272 382 222 831 279 183 878 819 723 652 232 655 232 140 334 641 847 197 396 512 485 117 0 150 216 269 216 696 826 454 861 863 823 850 821 
0 607 108 237 205 347 228 229 108 171 829 914 921 186 238 883 248 356 317 793 230 292 844 821 759 638 142 688 251 172 409 719 864 136 450 570 544 100 150 0 145 238 211 758 767 513 915 961 846 917 803 
0 542 89 126 230 299 275 264 177 136 735 731 723 262 259 802 214 258 316 710 164 313 768 712 654 506 171 584 330 282 377 667 733 244 426 525 502 170 216 145 0 127 277 804 754 479 762 823 702 811 647 
0 505 130 69 239 274 287 258 295 264 704 684 686 228 245 750 188 288 313 628 291 317 724 670 571 420 298 505 329 270 364 611 663 228 407 502 481 183 269 238 127 0 253 670 641 458 725 816 663 799 653 
0 507 280 203 207 320 224 201 234 254 661 859 876 183 219 714 257 372 279 687 283 259 725 677 608 533 288 550 118 193 358 571 724 236 424 561 529 297 216 211 277 253 0 733 820 464 921 911 838 736 840 
0 265 741 674 592 421 614 566 724 736 180 306 401 604 544 211 581 540 482 255 679 535 247 186 257 375 898 265 635 681 364 197 282 767 333 199 229 671 696 758 804 670 733 0 200 267 435 234 363 239 314 
0 242 728 786 742 529 671 617 842 733 260 167 251 645 589 267 597 496 547 149 577 603 155 191 174 272 877 200 801 729 433 297 137 759 462 345 362 696 826 767 754 641 820 200 0 399 281 225 172 175 185 
0 203 509 446 347 190 367 315 500 444 273 431 496 355 298 334 302 351 239 355 417 289 362 303 294 328 563 250 367 430 129 184 398 460 67 68 182 420 454 513 479 458 464 267 399 0 513 368 492 379 378 
0 314 863 764 783 584 840 778 794 687 365 137 42 790 758 368 686 515 694 184 618 759 230 286 220 275 829 269 909 889 537 411 278 737 543 475 489 869 861 915 762 725 921 435 281 513 0 273 212 221 171 
0 247 941 840 738 460 757 728 899 765 117 163 237 742 695 229 567 489 635 132 732 657 76 69 182 318 963 237 692 888 393 203 218 819 419 316 338 823 863 961 823 816 911 234 225 368 273 0 330 82 192 
0 281 774 710 744 518 788 709 753 659 384 191 207 750 710 389 586 433 587 204 574 706 255 304 208 259 827 223 797 842 490 408 235 688 501 468 494 792 823 846 702 663 838 363 172 492 212 330 0 266 173 
0 233 928 841 783 456 782 762 872 744 163 99 184 776 724 147 560 468 622 77 705 658 154 84 147 281 908 208 702 873 409 236 136 777 428 325 347 820 850 917 811 799 736 239 175 379 221 82 266 0 140 
0 184 727 683 662 395 745 683 698 595 254 92 158 670 627 253 605 367 560 69 591 634 184 175 84 160 760 138 658 812 391 287 106 648 412 338 353 784 821 803 647 653 840 314 185 378 171 192 173 140 0 
EOF